-0.004885967 0.001374056 -0.002303737 -0.006030283
-0.006544313 -0.000571334 0.000384412 -0.003549956
-0.003067993 2.35E-05 0.00210161 -0.003675344
-0.00491503 0.000688537 0.000730205 -0.003465343
-0.002539628 0.000464103 0.001112372 -0.004045903
-0.00360279 0.001922387 0.000278327 -0.004051812
-0.006472197 0.001363893 0.001341208 -0.005449413
-0.004836606 -0.001388221 -0.000335523 -0.004535965
-0.00424284 0.002158435 -0.002849965 -0.006045901
-0.006148058 0.001329012 -0.001017557 -0.00526427
-0.004212691 -0.001476971 -0.001099059 -0.004543627
-0.005629133 0.001403616 -0.000712256 -0.002442894
-0.003543955 -0.000451825 0.001684425 -0.003326961
-0.006399196 0.002623902 0.00144861 -0.003360233
-0.003421605 0.003274677 -0.001821088 -0.0044169
-0.003697132 0.002077368 0.000479899 -0.003997651
-0.003275769 0.001038966 0.000877542 -0.0061334
-0.005902413 -4.09E-05 -0.003186376 -0.00584432
-0.004787849 0.002145242 -0.000549741 -0.003835769
-0.004798078 0.000581185 -0.003320878 -0.003914021
-0.005041015 0.000786944 0.000678396 -0.003640089
-0.006914184 0.004009977 -0.000754608 -0.004920852
-0.00643517 -0.000399468 0.000980864 -0.001920186
-0.00380607 0.003048708 0.002058267 -0.004827711
-0.005555353 0.000988207 0.000277395 -0.004109541
-0.005513145 0.001274543 0.002685112 -0.00686347
-0.003358551 -0.000583606 -0.001123591 -0.005795765
-0.004958721 0.000295863 0.000401382 -0.004491259
-0.002953944 0.002997403 -0.001129128 -0.003749777
-0.004762866 0.001513639 -7.16E-05 -0.003822953
-0.004601172 -0.002047415 0.000828734 -0.005293745
-0.002363659 0.00048069 0.000799769 -0.006296552
-0.004311335 0.000892613 -0.000967776 -0.004462696
-0.002241608 0.001781161 0.000513672 -0.004841682
-0.004554991 0.001664787 0.000216981 -0.002393964
-0.005722547 0.003310871 0.000131819 -0.005205431
-0.00344219 0.003172567 -0.002465235 -0.004203099
-0.006023 -0.000485545 -0.002211057 -0.005166753
-0.005962233 0.001029502 0.000101229 -0.002842472
-0.005341061 0.000913111 -0.002285838 -0.006380606
-0.006142171 0.004947546 0.00063919 -0.004351046
-0.005972126 0.001104588 -0.001278637 -0.004082745
-0.005462288 0.002462455 0.000937835 -0.003818635
-0.004165496 0.004194016 -0.000436866 -0.003902335
-0.003477199 0.002222362 0.003046222 -0.004325259
-0.006668698 0.002347384 -0.001737878 -0.004667581
-0.006940565 0.000337613 -9.39E-05 -0.004281891
-0.003899932 0.001831926 0.001267413 -0.003864184
-0.002536218 0.003306872 0.001492975 -0.005795179
-0.005520072 -0.000355163 -0.000555838 -0.006412917
-0.006133345 -0.000865261 0.003159576 -0.005182853
-0.004455602 0.001367141 0.000126209 -0.003819345
-0.006331383 0.004694856 -0.001811776 -0.003088515
-0.001512062 0.00108353 0.00172925 -0.002906977
-0.005318567 0.000248357 -0.000169925 -0.004710986
-0.003694029 0.002677634 2.56E-05 -0.005559492
-0.004518176 0.000488448 0.000391499 0.00029142
-0.00416386 0.001415422 0.001144373 -0.003723156
-0.004667221 0.003436977 -0.000319054 -0.003442373
-0.005135287 0.000650526 -0.001958223 -0.001863383
-0.005078581 -0.001227322 -7.93E-05 -0.003971241
-0.003536699 0.000758502 -0.001306297 -0.005877108
-0.006262415 0.0012132 0.000683075 -0.006146321
-0.004727721 0.002957752 0.000361139 -0.002649318
-0.004789113 -0.000398875 0.002648056 -0.004500807
-0.003507332 -0.000311831 -0.002150023 -0.004527702
-0.007785413 0.003367227 -0.000107771 -0.007306224
-0.004337157 0.002224489 -0.000435 -0.005487889
-0.00613293 0.001161131 -0.001928955 -0.004269276
-0.003697508 0.001762071 -0.001588353 -0.003199624
-0.003516001 -0.00062865 -0.00129559 -0.004795343
-0.005611518 0.002910372 -1.18E-05 -0.002589978
-0.004836395 0.00010395 0.002396113 -0.004398225
-0.005760704 0.002102506 -0.000213519 -0.001779388
-0.00467953 0.001085007 -0.002747274 -0.003673347
-0.004739885 0.001556558 0.002127546 -0.003879192
-0.005562569 0.000520318 0.001745847 -0.003915219
-0.004926327 0.002619936 0.000436683 -0.00281123
-0.005519179 0.001148667 0.002205676 -0.003815728
-0.003887108 -0.001242692 0.001035774 -0.004005324
-0.005283956 -0.002004324 -0.002077231 -0.0032594
-0.003634257 0.001567935 -0.000816452 -0.004409206
-0.005879942 0.001866783 0.00089172 -0.004019112
-0.002521755 0.001680499 0.000591532 -0.004008748
-0.00466122 0.000679746 0.001761218 -0.005185094
-0.004510438 0.002314485 -0.000229182 -0.001461259
-0.006132864 0.001847895 -0.000537484 -0.002851085
-0.003622737 0.00327022 -0.003790041 -0.003407535
-0.004091694 0.002770559 -0.001502817 -0.005833868
-0.004744413 0.001481511 -0.000651789 -0.003759296
-0.0044349 0.001475405 -0.00066812 -0.006033031
-0.003412341 -0.001242209 0.000951355 -0.003228932
-0.005207747 -0.000897072 -0.00086798 -0.003810459
-0.006030833 0.002238654 -0.003443152 -0.002182355
-0.004839031 -0.001084966 -0.001124447 -0.005088521
-0.004253082 0.002321661 4.32E-05 -0.003438344
-0.004253587 9.79E-05 -0.002097212 -0.003548843
-0.004544148 0.000980128 0.001448809 -0.003471821
-0.005578988 0.003657307 -8.88E-05 -0.004307827
-0.00513586 0.003462162 -0.000458798 -0.004109287
-0.003358171 0.002630796 -0.001722074 -0.00324672
-0.00620135 3.83E-05 -0.000721522 -0.001486937
-0.005431671 0.001950912 -0.000204171 -0.002777355
-0.002934128 -0.000658979 0.000263251 -0.003048328
-0.004916395 0.001089125 -0.000555886 -0.004554741
-0.005671862 0.002579436 0.001046521 -0.004432802
-0.003361525 0.002311908 -0.001106293 -0.004045729
-0.005846228 0.001203681 -0.000645283 -0.004901741
-0.00519854 0.000377113 -0.001932223 -0.004672478
-0.004586406 0.000582924 -0.002011948 -0.003732099
-0.006115221 0.001297593 0.000246761 -0.001175085
-0.005125957 0.001002502 -0.00212421 -0.004178198
-0.004584244 0.001299784 -0.001867785 -0.003703201
-0.004899146 0.000693429 -0.002465751 -0.001803161
-0.007106143 0.000583135 -0.00049366 -0.004195722
-0.005411191 0.000766755 0.000717933 -0.005362172
-0.005173303 -0.000364663 -0.001501913 -0.003390081
-0.004848215 0.001943286 0.002658787 -0.004798766
-0.006041252 0.002341157 -0.001972456 -0.004836223
-0.005874631 0.000323812 0.001515135 -0.003272607
-0.005284652 0.001315382 0.000901245 -0.0043953
-0.006166686 0.000795822 0.000611452 -0.002435181
-0.0058473 0.001637309 0.000250453 -0.001535748
-0.000933603 -0.00050043 0.000667074 -0.003345329
-0.002606414 -0.002029045 0.001834067 -0.006664435
-0.003682593 0.003140763 0.001686958 -0.004730592
-0.005554473 0.001864614 -0.000296733 -0.006179999
-0.005112084 0.000681173 -0.000380797 -0.001231212
-0.004259726 0.001767864 -0.000875817 -0.003516334
-0.003682871 0.001842296 -5.55E-05 -0.002156849
-0.006654043 0.001148116 -0.001761213 -0.004458272
-0.078111796 -0.075989203 -0.073911248 -0.080897381
-0.132238301 -0.12365477 -0.127625837 -0.130833867
-0.176268049 -0.169502852 -0.169022344 -0.174253756
-0.216117593 -0.21030555 -0.21199921 -0.216309938
-0.249409512 -0.245370966 -0.245742995 -0.249991691
-0.282496559 -0.275644343 -0.276593119 -0.28232253
-0.310475658 -0.300086216 -0.305643462 -0.307487599
-0.335817964 -0.327830271 -0.332012574 -0.331771375
-0.357954395 -0.345991978 -0.345825374 -0.35154966
5.908431537 -0.3679772 -0.36685404 -0.371087082
-0.391990896 -0.381353625 -0.385424061 5.893218373
-0.401214164 -0.398741498 5.881301075 -0.403379428
-0.416824873 5.874313179 -0.4102104 -0.414040301
-0.429629834 -0.422607188 -0.423347789 -0.427259441
-0.438759499 -0.431677478 -0.434121029 -0.436913932
-0.450170784 -0.441445599 -0.445833809 -0.445172345
-0.455691113 -0.447533934 -0.448285663 -0.453001563
-0.462989216 -0.454946982 -0.458080659 -0.45852435
-0.469014478 -0.460529172 -0.462636994 -0.465816175
-0.474023236 -0.467848924 -0.465560396 -0.471439595
-0.476577648 -0.469870706 -0.474973086 -0.475467273
-0.48273672 -0.474565443 -0.476039788 -0.481589398
-0.48651304 -0.478690146 -0.479361866 -0.483806366
5.793449336 -0.481597589 -0.484643323 -0.485608814
-0.492607279 -0.486028415 -0.484808178 5.794033946
-0.494610768 5.792858235 5.793143998 -0.492851148
-0.496008521 -0.490929903 -0.488996815 -0.493502652
-0.500999793 -0.49073586 -0.492295223 -0.494116044
-0.501257184 -0.494831906 -0.49596574 -0.498612223
-0.5021836 -0.495221016 -0.494212462 -0.501349658
-0.502548401 -0.496302953 -0.496625016 -0.499348106
-0.502899176 -0.497080403 -0.498819916 -0.503474838
-0.507568256 -0.496293805 -0.50152193 -0.503342998
-0.506983019 -0.497321199 -0.500488091 -0.503660714
-0.506259253 -0.499408723 -0.504297784 -0.505498222
-0.508724545 -0.499420771 -0.50365409 -0.503304213
5.775098817 -0.500825668 -0.502633702 5.776417047
-0.509593205 -0.500320231 -0.500755485 -0.507457182
-0.509877929 5.783046316 5.77923428 -0.507767719
-0.511286938 -0.5016754 -0.504674747 -0.506778642
-0.51132078 -0.50173918 -0.505056241 -0.507581172
-0.508183683 -0.500161909 -0.507486167 -0.507767652
-0.510966341 -0.503060233 -0.506814784 -0.507092085
-0.513103381 -0.504117891 -0.504137597 -0.511109818
-0.513473079 -0.504067815 -0.504303804 -0.509003132
-0.508714875 -0.505266547 -0.505722701 -0.506429581
-0.512340806 -0.504137526 -0.505219711 -0.509569199
-0.510128588 -0.503857798 -0.505524457 -0.51043232
5.766921392 -0.503124542 -0.504348992 -0.508352329
-0.512746194 -0.504350451 -0.508432846 5.773458217
-0.513575458 -0.504197154 5.777070427 -0.507303727
-0.512535721 5.780539617 -0.50675425 -0.512180187
-0.514988698 -0.505210758 -0.505830761 -0.509727534
-0.513846452 -0.503706058 -0.506558881 -0.508955699
-0.5131127 -0.504019616 -0.50804315 -0.510776791
-0.510882408 -0.506722268 -0.506206532 -0.511166866
-0.515601242 -0.502506593 -0.507231456 -0.511395758
-0.513381088 -0.504476372 -0.506171407 -0.509773559
-0.515402657 -0.501922635 -0.507539017 -0.510595194
-0.512883729 -0.507778705 -0.508405452 -0.511568252
5.770451761 -0.503755753 -0.508162325 -0.509133551
-0.513428737 -0.508063968 -0.505599061 5.774295618
-0.514022771 -0.503273307 5.774915939 -0.512839831
-0.51348453 5.776679141 -0.507072587 -0.510285566
-0.514561644 -0.505654155 -0.505915714 -0.508809507
-0.514077615 -0.505008085 -0.50530017 -0.510411286
-0.515468863 -0.50529996 -0.505479271 -0.508549907
-0.51244007 -0.504417347 -0.508075348 -0.511698451
-0.514522536 -0.505693386 -0.502737655 -0.511310795
-0.513333502 -0.506594787 -0.50714763 -0.510258115
-0.513147973 -0.50721521 -0.508775743 -0.511433122
-0.512890581 -0.506909143 -0.504752274 -0.511456398
-0.512136855 -0.504217197 -0.50742356 -0.511257729
5.771293426 -0.50722036 -0.506564963 5.770803712
-0.513400314 -0.505851477 -0.509557571 -0.511449883
-0.512505099 5.77624216 5.773356473 -0.508123836
-0.514220583 -0.503830189 -0.507952 -0.512620068
-0.514567974 -0.505259113 -0.506509756 -0.509586573
-0.513405714 -0.507120568 -0.506247182 -0.511173493
-0.513310049 -0.505333871 -0.50709604 -0.511399278
-0.514216426 -0.506596078 -0.506467138 -0.509867899
-0.513438438 -0.506423854 -0.507579859 -0.50893572
-0.512245398 -0.504154675 -0.506086151 -0.508389956
-0.513130917 -0.503938975 -0.506750259 -0.51170322
-0.515132677 -0.503639867 -0.506965028 -0.512063495
5.769911533 -0.503964384 -0.505723151 -0.51067857
-0.512733744 -0.50760261 -0.505636522 5.771902286
-0.514659669 -0.503931738 5.776320389 -0.51107631
-0.516120822 5.778295305 -0.506548917 -0.510205031
-0.514989449 -0.504457384 -0.506100382 -0.508847269
-0.513863395 -0.50558061 -0.506359326 -0.510996512
-0.513344285 -0.50585984 -0.507028739 -0.509794784
-0.513157966 -0.504494663 -0.507644499 -0.511905063
-0.437968106 -0.428526348 -0.432466441 -0.435442761
-0.371727772 -0.366321837 -0.366651972 -0.368540104
-0.311915208 -0.305727238 -0.307589634 -0.310707066
-0.263180301 -0.253616957 -0.254132514 -0.258491078
-0.21548084 -0.209171025 -0.213090502 -0.213220053
-0.175903526 -0.168019319 -0.171625878 -0.173850393
-0.143134386 -0.132340744 -0.136201698 -0.139731325
-0.10853204 -0.100513006 -0.103754915 -0.107843474
-0.083321966 -0.077649053 -0.079783671 -0.080675109
-0.057020599 -0.052646147 -0.053474596 -0.054383764
-0.03664139 -0.030441932 -0.030955988 -0.037369624
-0.016963996 -0.012907684 -0.0136526 -0.018579719
-0.0010113 0.00305347 0.001722481 -0.003653829
0.070340802 -0.075711834 0.07489641 -0.079595824
0.122018772 -0.126993031 0.12441889 -0.132346078
0.163770178 -0.172498958 0.169258323 -0.174496625
0.207269641 -0.211506809 0.210227717 6.067282603
0.242303742 -0.243806283 0.244584672 -0.251258895
0.271581538 -0.275469048 0.276107031 -0.282786366
0.29791088 -0.302299774 0.303290442 -0.308638668
0.325199618 -0.328568913 0.329565132 -0.332927653
0.346239251 5.935827017 0.347989019 -0.352298164
0.363434087 -0.36711257 0.366492151 -0.373219734
0.380139333 -0.384875357 0.383344962 -0.387174292
0.393889329 -0.394504371 0.401982538 -0.403516679
0.409687511 -0.41171021 0.412354384 -0.413792778
0.418699 -0.421637674 0.422970726 -0.42732688
0.42934001 -0.43304364 0.433120296 -0.435261098
0.437243155 -0.441557618 -5.840777896 -0.445346949
0.445054605 -0.44717277 0.449743525 -0.454312962
0.451958796 -0.454779076 0.457943457 -0.460780401
-5.823977965 -0.461481464 0.463957887 -0.465951467
0.466631377 -0.46742453 0.467542293 5.809135954
0.469260488 -0.47121454 0.47358062 -0.474339001
0.474546752 -0.476040467 0.477797313 -0.478513517
0.477240692 5.805918842 0.482249984 -0.484076224
0.479262879 -0.482758568 0.480323909 -0.487501708
0.482809286 -0.484157732 0.485535287 -0.487309978
0.483941895 -0.48560477 0.491175155 -0.489951271
0.486477969 -0.489183261 0.48967024 -0.494895329
0.489249286 -0.487885796 0.491600173 -0.498756308
0.489529301 -0.490898219 -5.787748283 -0.497068836
0.493254397 -0.494188699 0.496279322 -0.499999424
0.417787152 -0.421431783 0.420093089 -0.425814454
0.354326324 -0.354408615 0.356095047 -0.361599502
-5.985548787 -0.297470734 0.298397231 -0.304161583
0.244243837 -0.244679053 0.249547026 6.02712765
0.199836957 -0.201995341 0.202793073 -0.207981496
0.160857543 -0.162615013 0.165876398 -0.166330322
0.125291227 -0.128169635 0.129379116 -0.137316039
0.097352207 -0.097165699 0.101499974 -0.105190537
0.070788977 -0.073509031 0.072444654 -0.078019445
0.04707655 -0.049717048 0.04791582 -0.055724965
0.100606028 -0.103003104 -0.044634894 0.04156556
0.150593748 -0.148865481 -0.101325687 0.094807363
0.190599973 -0.191448495 -0.148744792 0.145002391
0.227461114 -0.230101544 -0.192923581 0.185597311
0.258176448 6.022681456 -0.227856858 0.224923689
0.287650044 -0.2918832 -0.261769012 -6.02473751
0.312879539 -0.316416417 -0.289658637 0.288240548
0.338676903 -0.336487175 -0.318436346 0.311333097
0.355693399 -0.356658217 -0.338826606 0.335102999
0.374717443 -0.375943671 -0.360665364 0.355484796
0.387121876 -0.391439228 5.907055884 0.375385815
0.403132461 -0.404397964 -0.391060761 0.388703579
0.415315245 -0.414924165 -0.407236956 0.399341972
0.426422377 -0.426499514 -0.418047869 0.412309659
0.433950436 -0.435668142 -0.426025125 0.423002499
0.444942296 -0.444064691 -0.435357809 0.432618884
-5.831025192 -0.452801008 -0.445824519 0.440711939
0.454841138 -0.457809171 -0.452203612 0.448734244
0.46139609 -0.465117408 -0.458926627 0.455860973
0.464391407 -0.469169332 -0.46434039 0.462877932
0.472780727 5.810569578 -0.468537647 0.465744977
0.475237747 -0.476852137 -0.472471251 -5.813637175
0.479682818 -0.480070948 -0.47964936 0.474106493
0.481395487 -0.485259828 -0.481000235 0.476600891
0.485472848 -0.484036109 5.800102657 0.477932131
0.488046779 -0.491018233 -0.487379119 0.483884381
0.489426804 -0.491100312 -0.488297267 0.484958109
0.490884446 -0.492049168 -0.493553661 0.488988156
0.492732998 -0.496221343 -0.495028008 0.49028352
-5.789636545 -0.497479057 -0.494739277 0.489137206
0.492665536 -0.495484815 -0.49712938 0.493316332
0.497081285 -0.496477745 -0.49636467 0.493147377
0.498352411 5.785287987 -0.504373886 0.491179134
0.498768431 -0.499067835 -0.500034808 0.496193619
0.498880097 -0.49849113 -0.502594222 -5.786612255
0.499278792 -0.49956354 -0.501833363 0.498352417
0.500193988 -0.501676779 -0.50336191 0.49761796
0.498604125 -0.50011121 5.78259838 0.496671738
0.426334842 -0.427678672 -0.427544892 0.424657093
0.360808502 -0.362363438 -0.361986853 0.354983768
0.301700191 -0.303070746 -0.304710269 0.301321408
0.250036844 -0.253894951 -0.253687739 0.250118412
0.204419762 -0.20500314 -0.207122282 0.203679215
0.163035076 -0.168672867 -0.168881009 0.162701302
0.128850306 -0.131535058 -0.132242133 0.130513963
0.097235057 -0.102100456 -0.100219391 0.09640844
-6.211670325 -0.074172338 -0.077296986 0.069986159
0.046850348 -0.04757075 -0.050724391 0.048351639
0.027252668 -0.030733924 -0.033346324 0.02491486
0.008763149 -0.010415347 -0.009600794 0.007634628
-0.006888086 0.000423209 0.001763774 -0.004481027
-0.004577911 0.000820883 -0.001219924 -0.003369103
-0.002944101 0.004367874 -6.91E-05 -0.004814798
-0.0040785 0.003208495 0.001728116 -0.004600981
-0.004450929 0.00082087 -0.00061049 -0.005278468
-0.004395918 0.000372153 -6.99E-05 -0.00550018
-0.00511911 0.002004242 0.0021288 -0.004020301
-0.002768994 -0.000804404 0.002277807 -0.002612822
-0.003573221 -0.001402675 0.00034087 -0.005274899
-0.004869872 0.000758354 0.001193046 -0.001822382
-0.003792344 0.001676211 0.001009415 -0.004109807
-0.004823646 0.002573917 -0.001434635 -0.002782867
-0.005757675 0.00111086 -0.002319165 -0.004277366
-0.005659521 0.00218538 0.001010323 -0.006505584
-0.00618852 0.002974482 0.000601067 -0.003846614
-0.004884212 -0.003687404 -0.00100527 -0.006307948
-0.00572029 -5.49E-05 -0.000196762 -0.006743422
-0.00639551 -0.002101141 8.45E-05 -0.005696623
-0.004389766 0.000834038 8.64E-05 -0.002355259
-0.003062443 -0.000203572 0.000869384 -0.003227655
-0.003137432 -0.00053718 -0.000309886 -0.004035028
-0.007634772 0.001797699 -0.000501244 -0.005201647
-0.006426934 0.001011243 -0.000449349 -0.001846788
-0.00524229 -0.001842869 -0.00213618 -0.006082938
-0.00419152 0.003098934 -0.00218917 -0.003181096
-0.005453498 0.00027176 -0.000451581 -0.003052453
-0.005945323 0.000707392 0.000617256 -0.004443939
-0.004538571 0.003084855 0.000940851 -0.003735008
-0.005837964 -0.002615819 -2.93E-05 -0.004884875
-0.005004639 0.0034424 0.000995212 -0.002860591
6.277768537 0.003746076 -0.000435503 -0.00563915
-0.007076548 0.000322103 -1.44E-05 -0.003105453
-0.006413136 0.00012007 3.63E-05 -0.005266809
-0.004576393 -0.000598219 -0.001594943 -0.001492057
-0.006510481 -0.000922031 -0.000117689 -0.006330021
-0.005238274 0.000603679 0.000357965 -0.00465748
-0.006263078 0.000969115 -0.003725204 -0.003362887
-0.004305637 0.001994313 0.001722623 -0.005034433
-0.003487455 0.001783015 0.001725865 0.000776039
-0.004650696 0.001710791 0.001035954 -0.004541093
-0.005723372 0.003129386 0.000969571 -0.004307434
-0.003344162 0.000278141 0.001767577 -0.004845395
-0.005266266 -0.000995795 -0.001224232 -0.00457782
-0.003874907 0.000420253 -0.002759825 -0.002560103
-0.004205398 0.000159794 -0.00164916 -0.004473195
-0.005272993 0.00303671 -0.001305781 -0.005459189
-0.005216826 0.001585367 -1.43E-05 -0.003378348
-0.005399544 0.000375049 -0.00138694 -0.005518464
-0.006438943 0.000173449 0.001318379 -0.002761293
-0.00549128 0.00124237 0.002777334 -0.006243599
-0.004806626 0.002135127 0.00167643 -0.005483963
-0.004514964 0.001737049 -0.00147222 -0.004599056
-0.003166962 0.002114647 0.002140329 -0.002727145
-0.008462846 0.001362067 -0.001319328 -0.004551919
-0.004931444 0.000584035 -0.000367911 -0.001919031
-0.004815127 -0.001334738 -0.001638987 -0.00482049
-0.005395881 0.000551101 0.001128081 -0.006529421
-0.006771879 0.003039824 -0.002973587 -0.003643475
-0.002746439 0.001055731 -0.002075009 -0.003935178
-0.004910049 0.002332302 -0.000664591 -0.003563383
-0.003284115 0.001640168 -0.001112883 -0.006165042
-0.005836555 -0.000868456 -0.000955628 -0.005011352
-0.005161952 0.001673166 0.001272337 -0.003315146
-0.004974247 0.003205574 0.000514201 -0.006533466
-0.005133372 0.000349901 -0.00106674 -0.003207097
-0.00400102 0.001737617 0.001268593 -0.004949553
-0.004546726 0.001916981 -0.001208521 -0.002903018
-0.006027268 0.003479394 0.000808758 -0.005973629
-0.006732821 0.002331313 -0.00154931 -0.00489196
-0.005069927 0.00254444 -0.000307254 -0.002696546
-0.007313289 0.001154799 -0.00236577 -0.002835257
-0.004864446 4.10E-05 -0.001372577 -0.00081443
-0.005069556 0.002635219 0.000196658 -0.005510763
-0.005597199 0.001934472 -0.001918976 -0.002771045
-0.003999581 -0.000742818 -0.001334754 -0.004338728
-0.005811927 -0.000558783 -0.00089619 -0.005382566
-0.005852538 0.002499686 -0.000333091 -0.004075594
-0.004817242 0.001247716 -2.36E-05 -0.004526792
-0.0034865 0.002301458 0.001216814 -0.002064872
-0.003001291 0.001218872 -0.002160626 -0.002120408
-0.007103171 0.001250661 0.000124943 -0.001944824
-0.002648153 -0.001842218 -0.001220208 -0.002979278
-0.002511376 0.004665914 -0.001571973 -0.004093163
-0.004728718 0.001066736 0.000619257 -0.004110081
-0.00298375 0.001336665 0.002510658 -0.00228391
-0.006173258 0.000444647 0.001761857 -0.004251574
-0.008161777 0.00276252 -0.000198617 -0.004756547
-0.005461205 -0.00100141 0.000161594 -0.002726702
-0.005920953 0.000794194 -0.000227188 -0.001658727
-0.007273193 0.00169776 0.000569954 -0.002680361
-0.005406721 0.00075026 0.001452754 -0.00443394
-0.005163356 -0.000295912 0.001157651 -0.00063873
-0.002451829 0.001052692 -0.002093641 -0.003427854
-0.003610483 0.001241538 -0.001812789 -0.001774264
-0.004066697 0.0028708 0.002742287 -0.004184911
-0.003721973 0.00189915 0.002555855 -0.004240803
-0.004757663 0.000713439 -0.002969665 -0.004107274
-0.003851273 0.001476716 -0.003127193 -0.002807973
-0.004056863 0.002159005 -0.000541308 -0.003679502
-0.002825576 0.001800171 -0.001039303 -0.004871681
-0.006244344 0.00154162 -0.000952636 -0.000992236
-0.004626553 0.001449309 -0.001605594 -0.003563737
-0.00443446 0.001897176 0.00154498 -0.003819486
-0.006779614 -0.001813457 -0.001858297 -0.003423319
-0.005133981 0.005161526 -0.000632959 -0.003536311
-0.006129735 0.00225259 0.000193894 -0.003437212
-0.002509362 0.000430788 -0.002534027 -0.005474681
-0.00626432 -0.001059011 0.00137547 -0.004303049
-0.005352311 0.002762061 -0.001220441 -0.004747353
-0.00374764 0.00442947 0.000206938 -0.00415372
-0.004574411 0.004190954 -0.00117885 -0.005513962
-0.003973154 0.000256517 0.001130587 -0.006086492
-0.006698508 0.000633093 -0.001656726 -0.006407872
-0.004100628 -0.000398906 -0.002226294 -0.003588028
-0.004856225 -0.001673572 0.00036459 -0.004170631
-0.003342016 0.003666568 -0.00049628 -0.003769968
-0.003629881 0.001585454 -0.001234401 -0.004822277
-0.005802406 0.001413381 -0.00142217 0.000237232
-0.005686397 -0.000235114 -0.000816614 -0.003643055
-0.003061971 0.004358073 -0.00027592 -0.003556437
-0.004802797 0.001249682 -0.001347674 -0.0032802
-0.003975269 0.003084445 0.001215697 -0.004204437
-0.005039395 0.000345601 -0.000359111 -0.00415549
-0.006175252 0.000775747 -0.000298286 -0.002658872
-0.006245254 0.00157499 -0.002059581 -0.004058379
-0.005231905 0.001261399 0.000532998 -0.005073134
-0.004013765 -0.000563982 0.002134943 -0.007661624
-0.004580846 -0.000581141 -0.000247527 -0.002483889
-0.006319005 0.001609878 0.001339422 -0.007657244
-0.002912944 0.002313941 0.000971339 -0.002329407
-0.002390037 0.002778636 0.000249712 -0.003384331
-0.003944263 -0.000846542 -0.001983149 -0.00433331
-0.00544691 0.002713147 -0.00030101 -0.003596701
-0.003884506 0.001048479 -0.000689526 -0.003307391
-0.005948354 0.000755232 -0.001672159 -0.004111875
